  camera_matrix:
    rows: 3
    cols: 3
    data: [[610.7217407226562, 0.0, 322.6101989746094], [0.0, 610.3652954101562, 247.37948608398438],
      [0.0, 0.0, 1.0]]
  dist_coeffs:
    rows: 1
    cols: 5
    data: [[0.0, 0.0, 0.0, 0.0, 0.0]]
  cam2ee:
    rows: 4
    cols: 4
    data: [[0.99997166916412, 0.0011997114335418287, 0.0074311211536496145, 0.027726171822042657],
      [-0.001234927548843529, 0.9999880214675348, 0.004736230082463451, 0.08258075491172465],
      [-0.007425350030341806, -0.004745272797337731, 0.9999611725277164, -0.006870683398125461],
      [0.0, 0.0, 0.0, 1.0]]
  ee2cam:
    rows: 4
    cols: 4
    data: [[0.9999716691641198, -0.0012349275488435292, -0.007425350030341808, -0.027674422296353134],
      [0.0011997114335418285, 0.999988021467535, -0.004745272797337731, -0.08264563238784245],
      [0.0074311211536496145, 0.004736230082463452, 0.9999611725277167, 0.006273258629274296],
      [0.0, 0.0, 0.0, 1.0]]
