  camera_matrix:
    rows: 3
    cols: 3
    data: [[610.7217407226562, 0.0, 322.6101989746094], [0.0, 610.3652954101562, 247.37948608398438],
      [0.0, 0.0, 1.0]]
  dist_coeffs:
    rows: 1
    cols: 5
    data: [[0.0, 0.0, 0.0, 0.0, 0.0]]
  cam2ee:
    rows: 4
    cols: 4
    data: [[0.9999084194793306, 0.013519343913784572, 0.0006164369291791771, 0.031245528642821364],
      [-0.013513772368079083, 0.9998743217887133, -0.008289667299972072, 0.0935953883025056],
      [-0.0007284303196477233, 0.00828057773958436, 0.9999654501139367, -0.01692311972477948],
      [0.0, 0.0, 0.0, 1.0]]
  ee2cam:
    rows: 4
    cols: 4
    data: [[0.9999084194793306, -0.013513772368079083, -0.0007284303196477233, -0.02999016770232819],
      [0.013519343913784574, 0.9998743217887134, 0.00828057773958436, -0.09386591124053206],
      [0.0006164369291791772, -0.008289667299972072, 0.9999654501139368, 0.017679148765033462],
      [0.0, 0.0, 0.0, 1.0]]
