  camera_matrix:
    rows: 3
    cols: 3
    data: [[610.7217407226562, 0.0, 322.6101989746094], [0.0, 610.3652954101562, 247.37948608398438],
      [0.0, 0.0, 1.0]]
  dist_coeffs:
    rows: 1
    cols: 5
    data: [[0.0, 0.0, 0.0, 0.0, 0.0]]
  cam2ee:
    rows: 4
    cols: 4
    data: [[0.9999607701495584, -0.002110387464198732, 0.008602582557178152, 0.02844833559434485],
      [0.0020855114682349248, 0.9999936213592535, 0.0028996349291081675, 0.08964367002510656],
      [-0.008608647037599663, -0.00288158039228413, 0.9999587929963037, -0.03039982796427783],
      [0.0, 0.0, 0.0, 1.0]]
  ee2cam:
    rows: 4
    cols: 4
    data: [[0.9999607701495583, 0.002085511468234924, -0.008608647037599667, -0.028895873861234416],
      [-0.0021103874641987316, 0.9999936213592533, -0.0028815803922841304, -0.0896706607577153],
      [0.008602582557178148, 0.002899634929108167, 0.9999587929963039, 0.029893912206111636],
      [0.0, 0.0, 0.0, 1.0]]
