  camera_matrix:
    rows: 3
    cols: 3
    data: [[610.7217407226562, 0.0, 322.6101989746094], [0.0, 610.3652954101562, 247.37948608398438],
      [0.0, 0.0, 1.0]]
  dist_coeffs:
    rows: 1
    cols: 5
    data: [[0.0, 0.0, 0.0, 0.0, 0.0]]
  cam2ee:
    rows: 4
    cols: 4
    data: [[0.9999242939654986, 0.0027224356032383235, 0.011999778413999084, 0.027261082013284206],
      [-0.0027055153380876806, 0.9999953232644808, -0.001426056072579136, 0.09141596331527369],
      [-0.012003604640033357, 0.0013934825269761764, 0.999926983175318, -0.022132833385152744],
      [0.0, 0.0, 0.0, 1.0]]
  ee2cam:
    rows: 4
    cols: 4
    data: [[0.9999242939654988, -0.00270551533808768, -0.012003604640033357, -0.02727736467549234],
      [0.002722435603238323, 0.9999953232644806, 0.0013934825269761764, -0.09145891061065209],
      [0.011999778413999088, -0.0014260560725791356, 0.999926983175318, 0.021934454662068895],
      [0.0, 0.0, 0.0, 1.0]]
