  camera_matrix:
    rows: 3
    cols: 3
    data: [[610.7217407226562, 0.0, 322.6101989746094], [0.0, 610.3652954101562, 247.37948608398438],
      [0.0, 0.0, 1.0]]
  dist_coeffs:
    rows: 1
    cols: 5
    data: [[0.0, 0.0, 0.0, 0.0, 0.0]]
  cam2ee:
    rows: 4
    cols: 4
    data: [[0.9998046711736557, -0.003176489011974479, 0.019507163220087956, 0.023546465150775967],
      [0.0032457816045234904, 0.9999885318045064, -0.0035215282539832683, 0.09218559868926977],
      [-0.01949575341232248, 0.0035841563895386785, 0.9998035154078331, -0.01809012299198529],
      [0.0, 0.0, 0.0, 1.0]]
  ee2cam:
    rows: 4
    cols: 4
    data: [[0.9998046711736557, 0.003245781604523491, -0.019495753412322486, -0.02419376074485146],
      [-0.003176489011974479, 0.9999885318045063, 0.003584156389538678, -0.09204490856907076],
      [0.019507163220087956, -0.0035215282539832688, 0.9998035154078331, 0.017951878012989288],
      [0.0, 0.0, 0.0, 1.0]]
