camera_matrix:
  rows: 3
  cols: 3
  data: [610.72174072,   0.,         322.61019897,
         0.,         610.36529541, 247.37948608,
         0.,           0.,           1.]
dist_coeffs:
  rows: 1
  cols: 5
  data: [0.0, 0.0, 0.0, 0.0, 0.0]
