  camera_matrix:
    rows: 3
    cols: 3
    data: [[916.0826416015625, 0.0, 643.9153442382812], [0.0, 915.5479736328125, 371.0692443847656],
      [0.0, 0.0, 1.0]]
  dist_coeffs:
    rows: 1
    cols: 5
    data: [[0.0, 0.0, 0.0, 0.0, 0.0]]
  cam2ee:
    rows: 4
    cols: 4
    data: [[0.9994929119996074, 0.028687579661660405, 0.013818163253502882, 0.027289766077767827],
      [-0.029042864393759506, 0.9992337894379915, 0.026236350226310417, 0.08364006856206288],
      [-0.013054918243721986, -0.026624365129478876, 0.9995602594596794, -0.0035262339741146246],
      [0.0, 0.0, 0.0, 1.0]]
  ee2cam:
    rows: 4
    cols: 4
    data: [[0.9994929119996078, -0.029042864393759513, -0.01305491824372199, -0.024892815291963844],
      [0.028687579661660405, 0.9992337894379913, -0.02662436512947888, -0.08445274373728634],
      [0.013818163253502883, 0.026236350226310417, 0.9995602594596796, 0.0009531787715221535],
      [0.0, 0.0, 0.0, 1.0]]
